333333333333333333333333333333333333333333333333333333333333333333333333333333333333333333111
300000000000000000000000000000000000000000000000000000000000000000000000000000000000000003
300000000000000000000000000000000000000000000000000000000000000000000000000000000000000003
300000000000000000000000000000000000000000000000000000000000000000000000000000000000000003
300000000000000000000000000000000000000000000000000000000000000000000000000000000000000003
300000000000000000000000000000000000000000000000000000000000000000000000000000000000000003
300000000000000000000000000000000000000000000000000000000000000000000000000000000000000003
300000000000000000000000000000000000000000000000000000000000000000000000000000000000000003
300000000000000000000000000000000000000000000000000000000000000000000000000000000000000003
300000000000000000000000000000000000000000000000000000000000000000000000000000000000000003
300000000000000000000000000000000000000000000000000000000000000000000000000000000000000003
300000000000000000000000000000000000000000000000000000000000000000000000000000000000000003
300000000000000000000000000000000000000000000000000000000000000000000000000000000000000003
300000000000000000000000000000000000000000000000000000000000000000000000000000000000000003
300000000000000000000000000000000000000000000000000000000000000000000000000000000000000003
300000000000000000000000000000000000000000000000000000000000000000000000000000000000000003
300000000000000000000000000000000000000000000000000000000000000000000000000000000000000003
300000000000000000000000000000000000000000000000000000000000000000000000000000000000000003
300000000000000000000000000000000000000000000000000000000000000000000000000000000000000003
300000000000000000000000000000000000000000000000000000000000000000000000000000000000000003
300000000000000000000000000000000000000000000000000000000000000000000000000000000000000003
300000000000000000000000000000000000000000000000000000000000000000000000000000000000000003
300000000000000000000000000000000000000000000000000000000000000000000000000000000000000003
300000000000000000000000000000000000000000000000000000000000000000000000000000000000000003
300000000000000000000000000000000000000000000000000000000000000000000000000000000000000003
300000000000000000000000000000000000000000000000000000000000000000000000000000000000000003
300000000000000000000000000000000000000000000000000000000000000000000000000000000000000003
300000000000000000000000000000000000000000000000000000000000000000000000000000000000000003
300000000000000000000000000000000000000000000000000000000000000000000000000000000000000003
300000000000000000000000000000000000000000000000000000000000000000000000000000000000000003
300000000000000000000000000000000000000000000000000000000000000000000000000000000000000003
300000000000000000000000000000000000000000000000000000000000000000000000000000000000000003
300000000000000000000000000000000000000000000000000000000000000000000000000000000000000003
300000000000000000000000000000000000000000000000000000000000000000000000000000000000000003
300000000000000000000000000000000000000000000000000000000000000000000000000000000000000003
300000000000000000000000000000000000000000000000000000000000000000000000000000000000000003
300000000000000000000000000000000000000000000000000000000000000000000000000000000000000003
300000000000000000000000000000000000000000000000000000000000000000000000000000000000000003
300000000000000000000000000000000000000000000000000000000000000000000000000000000000000003
300000000000000000000000000000000000000000000000000000000000000000000000000000000000000003
300000000000000000000000000000000000000000000000000000000000000000000000000000000000000003
300000000000000000000000000000000000000000000000000000000000000000000000000000000000000003
300000000000000000000000000000000000000000000000000000000000000000000000000000000000000003
300000000000000000000000000000000000000000000000000000000000000000000000000000000000000003
300000000000000000000000000000000000000000000000000000000000000000000000000000000000000003
300000000000000000000000000000000000000000000000000000000000000000000000000000000000000003
300000000000000000000000000000000000000000000000000000000000000000000000000000000000000003
300000000000000000000000000000000000000000000000000000000000000000000000000000000000000003
300000000000000000000000000000000000000000000000000000000000000000000000000000000000000003
333333333333333333333333333333333333333333333333333333333333333333333333333333333333333333
1
1
1

